32,1,0,0,0,0,0
32,2,0,0,0,0,0
32,3,2,0,0,0,0
32,4,3,2,0,0,0
32,5,16,0,0,0,0
32,6,54,0,0,0,0
32,7,14,0,0,0,0
32,8,19,0,0,0,0
32,9,17,0,0,0,0
32,10,17,0,0,0,0
32,11,19,0,0,0,0
32,12,20,0,0,0,0
32,13,21,0,0,0,0
32,14,10,11,0,0,0
32,15,11,12,0,0,0
32,16,12,13,0,0,0
32,17,13,14,0,0,0
32,18,14,15,0,0,0
32,19,15,16,0,0,0
32,20,16,17,0,0,0
32,21,17,18,0,0,0
32,22,18,19,15,0,0
32,23,19,20,16,0,0
32,24,20,21,17,0,0
32,25,21,22,18,0,0
32,26,22,23,19,0,0
32,27,23,24,20,0,0
32,28,24,25,21,0,0
32,29,25,26,22,0,0
32,30,26,27,23,0,0
32,31,27,28,24,0,0
32,32,28,29,25,0,0
32,33,29,30,26,0,0
32,34,30,31,27,13,0
32,35,31,32,28,14,0
32,36,32,33,29,15,0
32,37,33,34,30,16,0
32,38,34,35,31,17,0
32,39,35,36,32,18,0
32,40,36,37,33,19,0
32,41,37,38,34,20,0
32,42,38,39,35,21,13
32,43,39,40,36,22,14
32,44,40,43,37,23,15
32,45,41,44,38,24,16
32,46,42,45,39,25,17
32,47,43,46,40,26,18
32,48,44,47,41,27,19
32,49,45,48,42,28,20
32,50,46,49,43,29,21
32,51,47,50,44,30,22
32,52,48,51,45,31,23
32,53,49,52,46,32,24
32,54,50,53,47,33,25
32,55,51,54,48,34,26
32,56,52,55,49,35,27
32,57,53,56,50,36,28
32,58,54,57,51,37,29
32,59,55,58,52,38,30
32,60,56,59,53,39,31
32,61,57,60,54,40,32
32,62,58,61,55,41,33
32,63,59,62,56,42,34
32,64,60,63,57,43,35
