40,1,0,0,0,0,0
40,2,1,0,0,0,0
40,3,2,0,0,0,0
40,4,3,2,0,0,0
40,5,16,0,0,0,0
40,6,54,0,0,0,0
40,7,14,0,0,0,0
40,8,19,0,0,0,0
40,9,17,0,0,0,0
40,10,17,0,0,0,0
26,11,19,0,0,0,0
25,12,20,0,0,0,0
24,13,21,0,0,0,0
23,14,10,11,0,0,0
22,15,11,12,0,0,0
21,16,12,13,0,0,0
20,17,13,14,0,0,0
19,18,14,15,0,0,0
18,19,15,16,0,0,0
17,20,16,17,0,0,0
16,21,17,18,0,0,0
15,22,18,19,15,0,0
14,23,19,20,16,0,0
13,24,20,21,17,0,0
12,25,21,22,18,0,0
11,26,22,23,19,0,0
10,27,23,24,20,0,0
9,28,24,25,21,0,0
8,29,25,26,22,0,0
7,30,26,27,23,0,0
6,31,27,28,24,0,0
5,32,28,29,25,0,0
4,33,29,30,26,0,0
3,34,30,31,27,13,0
2,35,31,32,28,14,0
1,36,32,33,29,15,0
2,37,33,34,30,16,0
3,38,34,35,31,17,0
4,39,35,36,32,18,0
5,40,36,37,33,19,0
6,41,37,38,34,20,0
7,42,38,39,35,21,13
8,43,39,40,36,22,14
9,44,40,43,37,23,15
10,45,41,44,38,24,16
11,46,42,45,39,25,17
12,47,43,46,40,26,18
13,48,44,47,41,27,19
14,49,45,48,42,28,20
15,50,46,49,43,29,21
16,51,47,50,44,30,22
17,52,48,51,45,31,23
18,53,49,52,46,32,24
19,54,50,53,47,33,25
20,55,51,54,48,34,26
21,56,52,55,49,35,27
22,57,53,56,50,36,28
23,58,54,57,51,37,29
24,59,55,58,52,38,30
25,60,56,59,53,39,31
26,61,57,60,54,40,32
27,62,58,61,55,41,33
28,63,59,62,56,42,34
29,64,60,63,57,43,35
